81 fb 00 30 81 fb 00 30 81 fb 00 30 81 fb 00 30
81 fb 00 30 81 fb 00 30 81 fb 00 30 81 fb 00 30
81 fb 00 30 81 fb 00 30 81 fb 00 30 81 fb 00 30
81 fb 00 30 81 fb 00 30 81 fb 00 30 81 fb 00 30
81 fb 00 30 30 00 00 00 30 00 00 00 30 00 00 00
30 00 00 00 30 00 00 00 81 7f 05 30 81 fb 00 30
30 00 00 00 81 fb 00 30 81 7f 05 30 30 00 00 00
30 00 00 00 81 fb 00 30 30 00 00 00 81 fb 00 30
81 fb 00 30 81 fb 00 30 81 fb 00 30 81 fb 00 30
81 74 05 30 81 fb 00 30 81 fb 00 30 81 fb 00 30
30 00 00 00 81 fb 00 30 81 fb 00 30 81 fb 00 30
30 00 00 00 81 fb 00 30 30 00 00 00 81 fb 00 30
81 fb 00 30 30 00 00 00 30 00 00 00 30 00 00 00
30 00 00 00 30 00 00 00 30 00 00 00 30 00 00 00
30 00 00 00 30 00 00 00 30 00 00 00 81 fb 00 30
30 00 00 00 81 fb 00 30 30 00 00 00 81 fb 00 30
81 fb 00 30 81 fb 00 30 30 00 00 00 81 fb 00 30
30 00 00 00 81 fb 00 30 81 fb 00 30 81 fb 00 30
81 fb 00 30 81 fb 00 30 30 00 00 00 81 fb 00 30
30 00 00 00 81 74 05 30 30 00 00 00 81 fb 00 30
81 fb 00 30 30 00 00 00 30 00 00 00 81 fb 00 30
30 00 00 00 81 fb 00 30 81 7f 05 30 30 00 00 00
30 00 00 00 81 fb 00 30 30 00 00 00 81 fb 00 30
30 00 00 00 81 fb 00 30 30 00 00 00 81 fb 00 30
81 fb 00 30 30 00 00 00 81 fb 00 30 81 fb 00 30
30 00 00 00 81 fb 00 30 81 fb 00 30 81 fb 00 30
30 00 00 00 81 fb 00 30 30 00 00 00 81 fb 00 30
30 00 00 00 81 fb 00 30 30 00 00 00 81 fb 00 30
81 fb 00 30 30 00 00 00 81 fb 00 30 30 00 00 00
30 00 00 00 30 00 00 00 30 00 00 00 30 00 00 00
30 00 00 00 81 fb 00 30 30 00 00 00 81 fb 00 30
30 00 00 00 81 fb 00 30 30 00 00 00 81 fb 00 30
81 fb 00 30 30 00 00 00 81 fb 00 30 30 00 00 00
81 fb 00 30 81 fb 00 30 81 fb 00 30 81 fb 00 30
81 fb 00 30 81 fb 00 30 30 00 00 00 81 fb 00 30
30 00 00 00 81 fb 00 30 30 00 00 00 81 fb 00 30
81 fb 00 30 30 00 00 00 81 fb 00 30 30 00 00 00
30 00 00 00 30 00 00 00 30 00 00 00 30 00 00 00
30 00 00 00 30 00 00 00 30 00 00 00 81 fb 00 30
30 00 00 00 81 fb 00 30 30 00 00 00 81 fb 00 30
81 fb 00 30 30 00 00 00 81 fb 00 30 81 fb 00 30
81 fb 00 30 30 00 00 00 81 fb 00 30 81 fb 00 30
81 fb 00 30 81 fb 00 30 81 fb 00 30 81 fb 00 30
30 00 00 00 81 fb 00 30 30 00 00 00 81 fb 00 30
81 fb 00 30 30 00 00 00 30 00 00 00 30 00 00 00
81 fb 00 30 30 00 00 00 30 00 00 00 81 74 05 30
30 00 00 00 30 00 00 00 81 fb 00 30 30 00 00 00
30 00 00 00 81 fb 00 30 30 00 00 00 81 fb 00 30
81 fb 00 30 30 00 00 00 81 fb 00 30 81 fb 00 30
81 fb 00 30 30 00 00 00 30 00 00 00 81 fb 00 30
30 00 00 00 30 00 00 00 81 fb 00 30 30 00 00 00
81 fb 00 30 30 00 00 00 30 00 00 00 81 fb 00 30
81 fb 00 30 30 00 00 00 81 fb 00 30 30 00 00 00
30 00 00 00 30 00 00 00 81 fb 00 30 81 fb 00 30
81 fb 00 30 30 00 00 00 81 fb 00 30 30 00 00 00
81 fb 00 30 81 74 05 30 81 fb 00 30 81 fb 00 30
81 fb 00 30 30 00 00 00 81 fb 00 30 30 00 00 00
30 00 00 00 30 00 00 00 30 00 00 00 81 fb 00 30
30 00 00 00 30 00 00 00 81 74 05 30 30 00 00 00
81 fb 00 30 30 00 00 00 30 00 00 00 81 fb 00 30
81 fb 00 30 81 fb 00 30 81 fb 00 30 81 fb 00 30
81 fb 00 30 81 fb 00 30 81 fb 00 30 81 fb 00 30
81 fb 00 30 81 fb 00 30 81 fb 00 30 81 fb 00 30
81 fb 00 30 81 fb 00 30 81 85 05 30 81 fb 00 30
